1146:0.0043,0.0071,0.009300000000000001,0.015000000000000001,0.0152,0.015600000000000001,0.023,0.024900000000000002,0.0274,0.032,0.0392,0.0442,0.049800000000000004,0.0592,0.059500000000000004,0.0621,0.0658,0.0731,0.07640000000000001,0.0855,0.0903,0.0985,0.11130000000000001,0.1119,0.11800000000000001,0.1269,0.12840000000000001,0.1436,0.1448,0.1494,0.1516,0.1746,0.1759,0.17650000000000002,0.1857,0.1877,0.1913,0.1917,0.1981,0.2021,0.2212,0.2272,0.228,0.2379,0.2508,0.2558,0.2577,0.2585,0.2589,0.2674,0.268,0.272,0.2732,0.27690000000000003,0.27990000000000004,0.28300000000000003,0.2972,0.3083,0.3108,0.3242,0.3274,0.3487,0.40700000000000003,0.4091,0.41290000000000004,0.41700000000000004,0.4243,0.4425,0.448,0.4489,0.45420000000000005,0.4544,0.4554,0.46680000000000005,0.48350000000000004,0.4889,0.5203,0.5293,0.5369,0.5524,0.5536,0.5624,0.5650000000000001,0.5677,0.5710000000000001,0.5754,0.6022000000000001,0.6211,0.626,0.6282,0.6309,0.632,0.6344000000000001,0.6388,0.6478,0.656,0.6634,0.6701,0.6807000000000001,0.6846,0.6941,0.7062,0.7132000000000001,0.7141000000000001,0.7161000000000001,0.7193,0.7364,0.7402000000000001,0.7441,0.7488,0.749,0.7559,0.7582,0.7826000000000001,0.7847000000000001,0.7862,0.7876000000000001,0.7939,0.7942,0.7978000000000001,0.7989,0.8105,0.8162,0.8223,0.8252,0.8283,0.8330000000000001,0.8467,0.8514,0.8581000000000001,0.8674000000000001,0.875,0.8761,0.8854000000000001,0.8861,0.8972,0.8999,0.9054000000000001,0.9104000000000001,0.9255,0.9311,0.9427000000000001,0.9540000000000001,0.9566,0.9593,0.9753000000000001,0.9766,0.9837,0.9967
6467:0.006200000000000001,0.0097,0.034800000000000005,0.0494,0.0506,0.0626,0.0748,0.0825,0.0862,0.08660000000000001,0.1052,0.1073,0.12240000000000001,0.1411,0.1461,0.149,0.1494,0.1522,0.16790000000000002,0.1973,0.1993,0.2092,0.2109,0.221,0.22990000000000002,0.2306,0.2335,0.24200000000000002,0.2584,0.26980000000000004,0.2788,0.2847,0.2929,0.309,0.3105,0.3138,0.32020000000000004,0.32130000000000003,0.323,0.3249,0.3296,0.3457,0.34700000000000003,0.3556,0.3573,0.36210000000000003,0.37620000000000003,0.3764,0.37920000000000004,0.3815,0.38180000000000003,0.3859,0.39440000000000003,0.40900000000000003,0.4118,0.41600000000000004,0.42050000000000004,0.4253,0.4295,0.4434,0.4481,0.44930000000000003,0.45170000000000005,0.45220000000000005,0.45370000000000005,0.4752,0.4783,0.48040000000000005,0.48250000000000004,0.48310000000000003,0.4834,0.4873,0.4894,0.4907,0.5163,0.518,0.5213,0.5279,0.5291,0.5416000000000001,0.5501,0.5562,0.5588000000000001,0.5648000000000001,0.5701,0.5707,0.5709000000000001,0.5777,0.5889,0.5977,0.5982000000000001,0.6012000000000001,0.6069,0.6077,0.6097,0.6128,0.6151,0.6345000000000001,0.6351,0.6476000000000001,0.6503,0.6517000000000001,0.6539,0.6653,0.6758000000000001,0.6919000000000001,0.7021000000000001,0.7060000000000001,0.7065,0.7069000000000001,0.7203,0.7481,0.7548,0.7686000000000001,0.7946000000000001,0.7963,0.8162,0.8175,0.8382000000000001,0.8468,0.8490000000000001,0.8587,0.8645,0.8731,0.8963000000000001,0.9068,0.9134,0.9138000000000001,0.9181,0.9254,0.9407000000000001,0.9443,0.9461,0.9482,0.9502,0.9641000000000001,0.9659000000000001,0.9664,0.9689000000000001,0.9709000000000001,0.9829,0.9906
7997:0.0436,0.050100000000000006,0.0509,0.051800000000000006,0.0548,0.057800000000000004,0.0639,0.06520000000000001,0.0964,0.1032,0.1198,0.12710000000000002,0.12840000000000001,0.14400000000000002,0.1443,0.1486,0.1585,0.1681,0.17070000000000002,0.171,0.17320000000000002,0.1824,0.1883,0.19160000000000002,0.1965,0.2066,0.223,0.2278,0.2333,0.2358,0.23600000000000002,0.23620000000000002,0.24080000000000001,0.24980000000000002,0.263,0.26330000000000003,0.2919,0.2922,0.2934,0.3022,0.30310000000000004,0.30810000000000004,0.31670000000000004,0.3264,0.3335,0.33940000000000003,0.3413,0.3536,0.35710000000000003,0.3597,0.3622,0.3684,0.3875,0.3896,0.3991,0.4006,0.40240000000000004,0.4164,0.4338,0.43510000000000004,0.439,0.44020000000000004,0.4413,0.44370000000000004,0.44420000000000004,0.44720000000000004,0.4617,0.46340000000000003,0.47600000000000003,0.4782,0.4839,0.48500000000000004,0.5235000000000001,0.5319,0.5357000000000001,0.5456,0.5511,0.5515,0.5542,0.5639000000000001,0.5655,0.5701,0.5826,0.5918,0.5953,0.597,0.6067,0.6077,0.6099,0.6126,0.6148,0.6208,0.6258,0.6328,0.6414000000000001,0.6441,0.6751,0.6766,0.6786,0.6799000000000001,0.6880000000000001,0.6899000000000001,0.6922,0.6949000000000001,0.6986,0.7185,0.7243,0.7549,0.7576,0.7604000000000001,0.7644000000000001,0.7703,0.8170000000000001,0.8172,0.8183,0.8204,0.8208000000000001,0.8214,0.8246,0.8320000000000001,0.8330000000000001,0.8355,0.8360000000000001,0.8442000000000001,0.8489,0.8491000000000001,0.8514,0.8633000000000001,0.8688,0.8692000000000001,0.8706,0.8738,0.8755000000000001,0.8759,0.8774000000000001,0.8972,0.9056000000000001,0.9117000000000001,0.9221,0.9326000000000001,0.9528000000000001,0.9618000000000001,0.9679000000000001,0.9835,0.9847
10813:0.0019,0.0025,0.0051,0.006200000000000001,0.0076,0.011300000000000001,0.0154,0.036000000000000004,0.056,0.0906,0.1008,0.10400000000000001,0.1043,0.11760000000000001,0.11850000000000001,0.12010000000000001,0.1331,0.1366,0.1399,0.1489,0.1695,0.17250000000000001,0.1729,0.2005,0.24200000000000002,0.2442,0.2509,0.2576,0.258,0.2601,0.2665,0.2767,0.2944,0.2953,0.29560000000000003,0.2975,0.2994,0.30720000000000003,0.30770000000000003,0.3128,0.3262,0.3271,0.33530000000000004,0.339,0.3462,0.3509,0.35300000000000004,0.3548,0.3551,0.3604,0.368,0.3709,0.37210000000000004,0.38170000000000004,0.3835,0.3921,0.3956,0.4325,0.4475,0.45480000000000004,0.4655,0.4812,0.48500000000000004,0.4894,0.48960000000000004,0.49250000000000005,0.4953,0.4993,0.5012,0.5139,0.5159,0.518,0.5219,0.5374,0.542,0.543,0.5458000000000001,0.5553,0.5693,0.5755,0.6008,0.6086,0.6196,0.6327,0.637,0.6431,0.6506000000000001,0.6551,0.6557000000000001,0.6611,0.6679,0.6781,0.6864,0.6875,0.6878000000000001,0.6968000000000001,0.7001000000000001,0.7084,0.7121000000000001,0.7186,0.7423000000000001,0.7486,0.7488,0.7642,0.7712,0.7772,0.7794000000000001,0.7799,0.7859,0.7866000000000001,0.7892,0.8170000000000001,0.8183,0.8322,0.8329000000000001,0.8358,0.8450000000000001,0.8679,0.869,0.8747,0.8779,0.8784000000000001,0.8807,0.8898,0.8926000000000001,0.9103,0.9186000000000001,0.9221,0.9234,0.9373,0.9430000000000001,0.9442,0.9483,0.9507000000000001,0.9514,0.9573,0.9597,0.9722000000000001,0.9758,0.9797,0.9841000000000001,0.9847,0.9897
15940:0.0038,0.004,0.033100000000000004,0.044700000000000004,0.046900000000000004,0.0512,0.06570000000000001,0.07060000000000001,0.0784,0.092,0.0936,0.10890000000000001,0.1267,0.1335,0.1421,0.15030000000000002,0.1514,0.1532,0.15480000000000002,0.16640000000000002,0.1683,0.1721,0.1734,0.1749,0.1773,0.17930000000000001,0.20020000000000002,0.2114,0.21480000000000002,0.22260000000000002,0.23370000000000002,0.23600000000000002,0.2393,0.23970000000000002,0.249,0.2505,0.25320000000000004,0.2752,0.2765,0.2888,0.2934,0.30010000000000003,0.3128,0.31870000000000004,0.3224,0.326,0.3266,0.33180000000000004,0.3337,0.33430000000000004,0.3386,0.33990000000000004,0.3418,0.3551,0.3556,0.38230000000000003,0.3851,0.3855,0.3895,0.4011,0.4058,0.40800000000000003,0.4122,0.4133,0.4156,0.4186,0.42160000000000003,0.4315,0.4394,0.4431,0.4505,0.466,0.47950000000000004,0.4817,0.48360000000000003,0.4843,0.4878,0.4893,0.4975,0.499,0.5018,0.5049,0.5055000000000001,0.5203,0.5267000000000001,0.5303,0.5379,0.5389,0.5435,0.5453,0.5476,0.5529000000000001,0.5536,0.5611,0.5625,0.5664,0.5684,0.5694,0.5879,0.5888,0.5898,0.5905,0.5909,0.6135,0.6302,0.6332,0.6533,0.6693,0.6753,0.6778000000000001,0.6806,0.6819000000000001,0.6822,0.6883,0.6937,0.7022,0.7109000000000001,0.7200000000000001,0.7215,0.7502000000000001,0.7581,0.7649,0.7692,0.774,0.795,0.8018000000000001,0.8023,0.8051,0.8055,0.8107000000000001,0.8125,0.8194,0.8220000000000001,0.8368,0.8394,0.8420000000000001,0.8520000000000001,0.8625,0.8691000000000001,0.8725,0.8874000000000001,0.892,0.8948,0.9112,0.9241,0.9324,0.9379000000000001,0.9424,0.9480000000000001,0.9487000000000001,0.9502,0.9753000000000001,0.9766,0.9795,0.9818,0.9886
19205:0.001,0.017400000000000002,0.0207,0.024200000000000003,0.0275,0.030600000000000002,0.038900000000000004,0.0396,0.041,0.050100000000000006,0.052700000000000004,0.055900000000000005,0.0811,0.0813,0.084,0.0893,0.0949,0.09920000000000001,0.10260000000000001,0.1179,0.1207,0.129,0.12940000000000002,0.135,0.1414,0.1428,0.14300000000000002,0.1439,0.1451,0.1466,0.14980000000000002,0.15710000000000002,0.162,0.1715,0.17750000000000002,0.1937,0.19890000000000002,0.20220000000000002,0.20570000000000002,0.2114,0.2144,0.2248,0.22560000000000002,0.24300000000000002,0.2482,0.2544,0.2632,0.26480000000000004,0.2731,0.2907,0.3139,0.3201,0.32180000000000003,0.3277,0.3284,0.3287,0.33380000000000004,0.34190000000000004,0.3432,0.34940000000000004,0.35400000000000004,0.3556,0.3579,0.36160000000000003,0.3622,0.3654,0.3682,0.3749,0.3764,0.38020000000000004,0.3935,0.4045,0.4169,0.4393,0.4403,0.4509,0.4631,0.47500000000000003,0.4937,0.496,0.5017,0.5114000000000001,0.5173,0.5184,0.5252,0.535,0.5377000000000001,0.5483,0.5485,0.556,0.5614,0.5691,0.5720000000000001,0.5770000000000001,0.5859,0.5925,0.5978,0.6035,0.6121,0.6277,0.6303000000000001,0.6417,0.6444000000000001,0.6468,0.6478,0.6541,0.657,0.673,0.6844,0.6988000000000001,0.7057,0.7060000000000001,0.7092,0.7191000000000001,0.7319,0.7407,0.7424000000000001,0.7544000000000001,0.7575000000000001,0.7793,0.7939,0.8022,0.8115,0.8134,0.8246,0.8306,0.8372,0.8534,0.8570000000000001,0.8729,0.8755000000000001,0.8759,0.8786,0.8798,0.8803000000000001,0.8979,0.9049,0.9062,0.9073,0.9079,0.9083,0.9192,0.924,0.9267000000000001,0.9325,0.9336000000000001,0.9345,0.9348000000000001,0.9460000000000001,0.9492,0.9508000000000001,0.9537,0.9637,0.9839,0.9887,0.9893000000000001,0.997
21819:0.0001,0.0111,0.0261,0.034,0.0414,0.0422,0.0539,0.060700000000000004,0.062200000000000005,0.0684,0.06960000000000001,0.0731,0.07780000000000001,0.0806,0.1029,0.10640000000000001,0.1134,0.11850000000000001,0.1268,0.12990000000000002,0.1368,0.1394,0.1555,0.17070000000000002,0.1714,0.1741,0.1751,0.1763,0.1806,0.1872,0.18960000000000002,0.1943,0.1953,0.2006,0.2041,0.2051,0.2053,0.20770000000000002,0.215,0.21580000000000002,0.2189,0.22260000000000002,0.2293,0.2484,0.2531,0.255,0.27790000000000004,0.28190000000000004,0.2854,0.2883,0.2914,0.30820000000000003,0.3089,0.31020000000000003,0.3139,0.3299,0.33330000000000004,0.3443,0.34550000000000003,0.34600000000000003,0.3487,0.34940000000000004,0.35350000000000004,0.35660000000000003,0.3699,0.3719,0.3834,0.3854,0.3874,0.3881,0.39640000000000003,0.39980000000000004,0.4334,0.449,0.44980000000000003,0.45120000000000005,0.45170000000000005,0.45230000000000004,0.45830000000000004,0.46030000000000004,0.4606,0.4713,0.4858,0.5078,0.5083,0.5207,0.5239,0.5241,0.5254,0.5257000000000001,0.5287000000000001,0.5318,0.5497000000000001,0.5565,0.5761000000000001,0.5844,0.5861000000000001,0.6107,0.6113000000000001,0.6131,0.6208,0.6253000000000001,0.6279,0.6283000000000001,0.6447,0.6482,0.6537000000000001,0.6577000000000001,0.6611,0.6624,0.6795,0.68,0.6842,0.6851,0.7000000000000001,0.7040000000000001,0.7155,0.7223,0.7304,0.7324,0.7326,0.7381000000000001,0.7385,0.7458,0.7468,0.7477,0.7553000000000001,0.7724000000000001,0.7925000000000001,0.7976000000000001,0.7982,0.8087000000000001,0.8157000000000001,0.8175,0.8278000000000001,0.8349000000000001,0.8358,0.8420000000000001,0.8503000000000001,0.8539,0.8581000000000001,0.8597,0.8641000000000001,0.8673000000000001,0.88,0.887,0.8922,0.9005000000000001,0.9022,0.9168000000000001,0.9176000000000001,0.9238000000000001,0.9327000000000001,0.9358000000000001,0.9399000000000001,0.9433,0.9457000000000001,0.9476,0.9480000000000001,0.9484,0.9613,0.9634,0.9687,0.9803000000000001,0.9807,0.9813000000000001,0.9824,0.9838
24966:0.0041,0.010700000000000001,0.016,0.018000000000000002,0.025900000000000003,0.0263,0.0606,0.0811,0.0869,0.1058,0.1149,0.13470000000000001,0.13770000000000002,0.1479,0.1525,0.1582,0.15960000000000002,0.1623,0.1642,0.16770000000000002,0.17600000000000002,0.1841,0.1976,0.198,0.20770000000000002,0.2137,0.2202,0.22390000000000002,0.22790000000000002,0.24630000000000002,0.25620000000000004,0.2595,0.26180000000000003,0.2647,0.2741,0.2818,0.2904,0.2948,0.2975,0.30670000000000003,0.3417,0.3433,0.35050000000000003,0.3552,0.3554,0.3603,0.3648,0.3658,0.39540000000000003,0.39790000000000003,0.4158,0.4179,0.4308,0.44420000000000004,0.4541,0.4732,0.47340000000000004,0.4902,0.5022,0.5093,0.5157,0.5261,0.5359,0.5399,0.5444,0.5553,0.5671,0.5674,0.5840000000000001,0.5874,0.5988,0.5996,0.6013000000000001,0.6043000000000001,0.6142000000000001,0.6293000000000001,0.6379,0.6433,0.6478,0.6516000000000001,0.6544,0.6587000000000001,0.6636000000000001,0.6838000000000001,0.7122,0.7367,0.7434000000000001,0.744,0.7549,0.76,0.7642,0.7795000000000001,0.7891,0.7984,0.806,0.8185,0.8212,0.8409000000000001,0.8512000000000001,0.8679,0.8719,0.8727,0.8769,0.8802000000000001,0.8812000000000001,0.8832000000000001,0.89,0.891,0.8917,0.8932,0.9074000000000001,0.908,0.9087000000000001,0.9380000000000001,0.9458000000000001,0.9494,0.9590000000000001,0.9596,0.9603,0.9690000000000001,0.9748,0.9765,0.9807,0.9876,0.9900000000000001
29643:0.0007,0.0025,0.0076,0.0375,0.041,0.049600000000000005,0.0526,0.0548,0.064,0.0685,0.0707,0.09970000000000001,0.1073,0.1095,0.1208,0.1471,0.14800000000000002,0.1564,0.1598,0.1666,0.169,0.1864,0.2044,0.20550000000000002,0.2069,0.2073,0.20950000000000002,0.22310000000000002,0.2296,0.23370000000000002,0.2341,0.2384,0.2386,0.2441,0.2511,0.2576,0.2585,0.2654,0.2664,0.2737,0.279,0.3024,0.3044,0.305,0.3099,0.3156,0.3486,0.3501,0.35860000000000003,0.3648,0.3814,0.38280000000000003,0.39330000000000004,0.3951,0.40230000000000005,0.4031,0.4048,0.405,0.4178,0.4204,0.4258,0.4369,0.4494,0.4525,0.4736,0.4743,0.47590000000000005,0.47800000000000004,0.4798,0.5156000000000001,0.5187,0.5209,0.5229,0.524,0.5259,0.5517000000000001,0.5625,0.5651,0.5776,0.5844,0.5879,0.5972000000000001,0.6016,0.6085,0.6088,0.6137,0.6404000000000001,0.6468,0.6526000000000001,0.6604,0.6642,0.6692,0.6807000000000001,0.6906,0.6935,0.6997,0.7094,0.7111000000000001,0.7153,0.7184,0.7284,0.7523000000000001,0.7543000000000001,0.761,0.7658,0.7832,0.7994,0.7996000000000001,0.8046000000000001,0.8116,0.8206,0.8238000000000001,0.8283,0.8437,0.8517,0.8562000000000001,0.8657,0.8679,0.8791,0.8801,0.9074000000000001,0.9167000000000001,0.9211,0.9265,0.9275,0.9281,0.9309000000000001,0.9575,0.9622,0.9633,0.9681000000000001,0.9715,0.9882000000000001,0.9946,0.9992000000000001
30703:0.0099,0.0219,0.0419,0.047400000000000005,0.0526,0.0873,0.0931,0.1017,0.10210000000000001,0.10700000000000001,0.1097,0.11470000000000001,0.1194,0.1305,0.1336,0.14250000000000002,0.1463,0.14830000000000002,0.154,0.1582,0.16690000000000002,0.1716,0.17320000000000002,0.1812,0.18430000000000002,0.18610000000000002,0.19010000000000002,0.20800000000000002,0.2082,0.2147,0.21860000000000002,0.22610000000000002,0.2298,0.2366,0.24500000000000002,0.2454,0.2482,0.2625,0.2659,0.26780000000000004,0.2716,0.27590000000000003,0.2795,0.28,0.2999,0.3079,0.3103,0.31570000000000004,0.3175,0.32430000000000003,0.33080000000000004,0.3357,0.3407,0.34090000000000004,0.3422,0.3433,0.34840000000000004,0.3502,0.3738,0.37510000000000004,0.3934,0.4,0.4092,0.4112,0.4232,0.44010000000000005,0.4414,0.4419,0.4471,0.4481,0.4645,0.4656,0.46730000000000005,0.48090000000000005,0.49000000000000005,0.4938,0.49400000000000005,0.49610000000000004,0.5074000000000001,0.5082,0.5127,0.5191,0.5388000000000001,0.5399,0.5423,0.5444,0.5529000000000001,0.5606,0.5657,0.5731,0.5745,0.5794,0.5852,0.5877,0.5987,0.5993,0.606,0.6078,0.6175,0.618,0.6192000000000001,0.6199,0.6258,0.6268,0.6273000000000001,0.6299,0.6378,0.6544,0.6555000000000001,0.6609,0.6678000000000001,0.6751,0.6805,0.683,0.6837000000000001,0.687,0.6873,0.6984,0.7024,0.7114,0.7171000000000001,0.7213,0.727,0.7283000000000001,0.7305,0.7311000000000001,0.7381000000000001,0.7413000000000001,0.7445,0.7551,0.76,0.7718,0.7797000000000001,0.785,0.8022,0.8061,0.8163,0.8179000000000001,0.8235,0.8429000000000001,0.8586,0.8728,0.8866,0.8917,0.8927,0.9032,0.9177000000000001,0.9226000000000001,0.9256000000000001,0.9333,0.9385,0.9753000000000001,0.9825
31933:0.0053,0.056900000000000006,0.0594,0.07780000000000001,0.0782,0.079,0.085,0.0903,0.0912,0.09720000000000001,0.0976,0.098,0.1126,0.11470000000000001,0.1169,0.124,0.1254,0.1371,0.1432,0.1484,0.1605,0.1688,0.17550000000000002,0.18430000000000002,0.1986,0.2005,0.2109,0.2149,0.2273,0.22890000000000002,0.2331,0.24020000000000002,0.2451,0.25980000000000003,0.2607,0.26330000000000003,0.2692,0.27290000000000003,0.2732,0.2831,0.2861,0.2919,0.2987,0.30460000000000004,0.3099,0.31320000000000003,0.3134,0.3146,0.3194,0.33330000000000004,0.3361,0.3512,0.3529,0.3531,0.3533,0.35810000000000003,0.3598,0.3698,0.3759,0.3783,0.3859,0.3941,0.3991,0.4005,0.4022,0.4228,0.42450000000000004,0.43570000000000003,0.4363,0.4441,0.4521,0.4862,0.4882,0.49200000000000005,0.4949,0.4955,0.5224,0.5301,0.5342,0.5541,0.56,0.562,0.5856,0.5875,0.5958,0.6147,0.618,0.6227,0.6425000000000001,0.6453,0.6474000000000001,0.6484,0.6546000000000001,0.6557000000000001,0.667,0.6778000000000001,0.682,0.6895,0.6926,0.6968000000000001,0.7039000000000001,0.7051000000000001,0.7077,0.7124,0.7252000000000001,0.7436,0.744,0.7564000000000001,0.7815000000000001,0.7829,0.7942,0.7999,0.8095,0.8109000000000001,0.8113,0.8237,0.8323,0.8394,0.8403,0.8423,0.8425,0.8493,0.8554,0.8561000000000001,0.8616,0.8643000000000001,0.8699,0.8767,0.8812000000000001,0.889,0.8922,0.8961,0.8975000000000001,0.9077000000000001,0.912,0.9138000000000001,0.9387000000000001,0.9550000000000001,0.9619000000000001,0.9628000000000001,0.9633,0.9828,0.9843000000000001,0.9872000000000001,0.9901000000000001,0.996
33803:0.0005,0.0366,0.0379,0.0514,0.052500000000000005,0.055400000000000005,0.0603,0.06430000000000001,0.07390000000000001,0.0757,0.0843,0.0845,0.0874,0.0876,0.0886,0.0898,0.0901,0.09090000000000001,0.0918,0.0925,0.09480000000000001,0.0964,0.099,0.0993,0.1187,0.12140000000000001,0.1332,0.1371,0.1463,0.16290000000000002,0.16440000000000002,0.1655,0.1688,0.1698,0.1789,0.1925,0.2003,0.20550000000000002,0.21150000000000002,0.21200000000000002,0.2144,0.2165,0.2218,0.23620000000000002,0.2655,0.2737,0.2863,0.2889,0.3004,0.3089,0.3148,0.31670000000000004,0.3178,0.3244,0.3326,0.3452,0.3477,0.3513,0.3521,0.3589,0.3604,0.36110000000000003,0.3703,0.3779,0.379,0.39330000000000004,0.3945,0.3951,0.39530000000000004,0.39930000000000004,0.401,0.4111,0.4169,0.42150000000000004,0.4257,0.44220000000000004,0.44730000000000003,0.4549,0.4651,0.4667,0.48250000000000004,0.4934,0.5005000000000001,0.5088,0.5099,0.5149,0.5175000000000001,0.5433,0.5571,0.5648000000000001,0.5738,0.5748,0.5753,0.5845,0.5865,0.5895,0.5909,0.6109,0.6115,0.6125,0.6191,0.6218,0.6247,0.6255000000000001,0.6305000000000001,0.6352,0.6515000000000001,0.6595000000000001,0.6641,0.6662,0.682,0.6834,0.686,0.6900000000000001,0.6902,0.6911,0.6935,0.7016,0.7071000000000001,0.7097,0.7100000000000001,0.7112,0.7149,0.7208,0.7257,0.7271000000000001,0.7404000000000001,0.7443000000000001,0.7474000000000001,0.7524000000000001,0.754,0.7551,0.7597,0.7623000000000001,0.763,0.7811,0.7855000000000001,0.7869,0.7964,0.8014,0.804,0.8161,0.8238000000000001,0.8351000000000001,0.8369000000000001,0.8518,0.8535,0.8582000000000001,0.8724000000000001,0.8746,0.8779,0.8876000000000001,0.895,0.9034000000000001,0.9048,0.9126000000000001,0.9144,0.9174,0.9253,0.9266000000000001,0.9389000000000001,0.9566,0.9597,0.9611000000000001,0.9618000000000001,0.9625,0.9822000000000001,0.9987
36555:0.0015,0.0054,0.015600000000000001,0.019200000000000002,0.024800000000000003,0.031200000000000002,0.0456,0.06810000000000001,0.0723,0.0751,0.0755,0.0847,0.0878,0.099,0.1145,0.1273,0.1277,0.1312,0.1404,0.1427,0.1651,0.16690000000000002,0.1816,0.1824,0.1933,0.1942,0.2046,0.2078,0.2099,0.2252,0.2303,0.2361,0.2544,0.25630000000000003,0.2576,0.2659,0.26630000000000004,0.28150000000000003,0.2878,0.28950000000000004,0.2899,0.2906,0.3118,0.3196,0.32180000000000003,0.3306,0.3321,0.341,0.3564,0.3673,0.38330000000000003,0.3876,0.3929,0.40840000000000004,0.441,0.44320000000000004,0.44570000000000004,0.4494,0.4506,0.45080000000000003,0.45320000000000005,0.4561,0.45890000000000003,0.4672,0.4731,0.4817,0.4822,0.48500000000000004,0.4954,0.5072,0.5126000000000001,0.5188,0.5205000000000001,0.5417000000000001,0.543,0.5546,0.5578000000000001,0.5678000000000001,0.5708,0.5750000000000001,0.5890000000000001,0.6052000000000001,0.6077,0.6083000000000001,0.6113000000000001,0.6276,0.6423,0.6466000000000001,0.6626000000000001,0.6706000000000001,0.6722,0.6783,0.6842,0.7003,0.7024,0.7149,0.7169,0.7209,0.7276,0.7284,0.732,0.7479,0.7512000000000001,0.7573000000000001,0.7615000000000001,0.777,0.7825000000000001,0.8034,0.8117000000000001,0.8125,0.8133,0.8227,0.8390000000000001,0.8393,0.8440000000000001,0.8479,0.8497,0.8613000000000001,0.8638,0.8805000000000001,0.8841,0.8866,0.8925000000000001,0.8983000000000001,0.9078,0.9088,0.9097000000000001,0.9156000000000001,0.916,0.9227000000000001,0.9309000000000001,0.9409000000000001,0.9496,0.9602,0.9827,0.9843000000000001,0.9891000000000001,0.9916
36807:0.0175,0.0229,0.027700000000000002,0.0325,0.0335,0.0604,0.0654,0.07400000000000001,0.07780000000000001,0.0859,0.09190000000000001,0.1004,0.1197,0.1199,0.12190000000000001,0.1267,0.12710000000000002,0.1453,0.1602,0.16440000000000002,0.1656,0.1703,0.18180000000000002,0.1839,0.19940000000000002,0.2093,0.2222,0.2484,0.2492,0.2554,0.2624,0.2667,0.2766,0.2775,0.28450000000000003,0.2863,0.2868,0.28800000000000003,0.29100000000000004,0.2938,0.299,0.31670000000000004,0.3256,0.32630000000000003,0.3272,0.3275,0.3296,0.3316,0.34940000000000004,0.3518,0.35750000000000004,0.3602,0.3759,0.3836,0.40650000000000003,0.40900000000000003,0.4146,0.41910000000000003,0.4349,0.4388,0.4393,0.44420000000000004,0.4449,0.4485,0.4525,0.45330000000000004,0.4536,0.4539,0.46330000000000005,0.46680000000000005,0.46780000000000005,0.4685,0.4701,0.4743,0.4771,0.4807,0.4822,0.49010000000000004,0.497,0.49720000000000003,0.5068,0.5122,0.5216000000000001,0.5229,0.5241,0.5268,0.529,0.538,0.5546,0.5603,0.5672,0.5774,0.5989,0.602,0.6029,0.614,0.6177,0.6205,0.6545000000000001,0.6578,0.6589,0.6711,0.6771,0.68,0.6815,0.6835,0.6921,0.7094,0.7230000000000001,0.7346,0.7358,0.7539,0.7578,0.7647,0.7665000000000001,0.7704000000000001,0.7706000000000001,0.7737,0.7742,0.7835000000000001,0.7917000000000001,0.7986000000000001,0.8068000000000001,0.8098000000000001,0.8218000000000001,0.8267,0.8425,0.8459,0.8513000000000001,0.8563000000000001,0.8586,0.8622000000000001,0.8661000000000001,0.8663000000000001,0.8711000000000001,0.872,0.873,0.8732000000000001,0.8748,0.8786,0.8861,0.8939,0.8959,0.899,0.9272,0.9334,0.9399000000000001,0.9439000000000001,0.9461,0.9471,0.9568000000000001,0.9615,0.9636,0.9647,0.9718,0.9987
42480:0.0061,0.013000000000000001,0.0137,0.0146,0.0268,0.029,0.0292,0.0304,0.0565,0.06470000000000001,0.0742,0.0763,0.0838,0.0853,0.0863,0.09530000000000001,0.09670000000000001,0.1353,0.1452,0.1462,0.15330000000000002,0.15380000000000002,0.1617,0.164,0.1652,0.1749,0.18610000000000002,0.18630000000000002,0.1907,0.1956,0.199,0.20220000000000002,0.2121,0.21960000000000002,0.2248,0.22610000000000002,0.2331,0.2538,0.268,0.2793,0.28450000000000003,0.2876,0.2957,0.3017,0.3057,0.3099,0.3126,0.3281,0.3381,0.3397,0.34800000000000003,0.3528,0.373,0.38120000000000004,0.41000000000000003,0.4157,0.4198,0.42960000000000004,0.434,0.436,0.437,0.4459,0.44680000000000003,0.44820000000000004,0.4566,0.4605,0.46190000000000003,0.464,0.46430000000000005,0.4766,0.48090000000000005,0.4884,0.49210000000000004,0.4954,0.499,0.5093,0.5121,0.5125000000000001,0.5146000000000001,0.5174,0.5316000000000001,0.5335,0.5347000000000001,0.5408000000000001,0.5445,0.551,0.553,0.5564,0.5633,0.5695,0.5828,0.5844,0.5849,0.5855,0.5900000000000001,0.5998,0.6039,0.6102000000000001,0.6122000000000001,0.6125,0.613,0.614,0.6234000000000001,0.6261,0.6321,0.6336,0.6366,0.6395000000000001,0.6409,0.6454000000000001,0.6481,0.6568,0.6648000000000001,0.6651,0.6787000000000001,0.6838000000000001,0.6949000000000001,0.7055,0.7146,0.7200000000000001,0.7204,0.7249,0.7332000000000001,0.7365,0.7549,0.7626000000000001,0.763,0.7676000000000001,0.7705000000000001,0.8061,0.8076,0.8128000000000001,0.8142,0.8152,0.8231,0.8308000000000001,0.8341000000000001,0.8399000000000001,0.8410000000000001,0.8436,0.8462000000000001,0.8498,0.8587,0.8595,0.8694000000000001,0.8702000000000001,0.881,0.8881,0.8907,0.8934000000000001,0.8941,0.9051,0.9163,0.9167000000000001,0.9205000000000001,0.9233,0.9329000000000001,0.9336000000000001,0.9361,0.9415,0.9427000000000001,0.9448000000000001,0.9588000000000001,0.9657,0.9718,0.9919,0.9997
44477:0.016900000000000002,0.023,0.026000000000000002,0.027700000000000002,0.035,0.038200000000000005,0.0395,0.040600000000000004,0.041100000000000005,0.0485,0.0523,0.061700000000000005,0.0685,0.077,0.078,0.0806,0.08360000000000001,0.0907,0.09280000000000001,0.0935,0.0995,0.108,0.1105,0.1301,0.1511,0.16240000000000002,0.1766,0.18460000000000001,0.1897,0.2082,0.2141,0.2156,0.22260000000000002,0.2247,0.22890000000000002,0.232,0.24810000000000001,0.24980000000000002,0.2551,0.2642,0.267,0.2775,0.2867,0.2869,0.2942,0.3043,0.3045,0.31270000000000003,0.3149,0.32530000000000003,0.3261,0.32830000000000004,0.3371,0.34290000000000004,0.3442,0.3544,0.3547,0.35550000000000004,0.3624,0.3773,0.3801,0.3804,0.39530000000000004,0.39840000000000003,0.39890000000000003,0.4057,0.4086,0.4122,0.4297,0.43220000000000003,0.434,0.44370000000000004,0.45280000000000004,0.45420000000000005,0.46140000000000003,0.46540000000000004,0.46580000000000005,0.4742,0.47750000000000004,0.48140000000000005,0.4824,0.4892,0.49350000000000005,0.49400000000000005,0.49960000000000004,0.5028,0.5186000000000001,0.5233,0.5269,0.5391,0.5514,0.554,0.5664,0.5761000000000001,0.5791000000000001,0.5903,0.5919,0.5929,0.5986,0.6111,0.6223000000000001,0.6282,0.6384000000000001,0.646,0.6521,0.6539,0.6887,0.6911,0.7032,0.7043,0.7054,0.7081000000000001,0.7261000000000001,0.7265,0.7283000000000001,0.7295,0.7336,0.7352000000000001,0.7417,0.7605000000000001,0.7724000000000001,0.7784000000000001,0.7791,0.7798,0.7804,0.7815000000000001,0.7824,0.8014,0.8042,0.8133,0.8153,0.8174,0.8211,0.8246,0.8321000000000001,0.8327,0.8379000000000001,0.8399000000000001,0.8457,0.8575,0.86,0.8619,0.863,0.8672000000000001,0.8747,0.8782000000000001,0.8794000000000001,0.8813000000000001,0.8848,0.8869,0.8928,0.9011,0.9079,0.9081,0.9282,0.9394,0.9508000000000001,0.9626,0.9672000000000001,0.9689000000000001,0.9710000000000001,0.9717,0.9720000000000001,0.9760000000000001,0.9872000000000001,0.9915,0.9966
45210:0.022500000000000003,0.0363,0.0403,0.048,0.0509,0.053200000000000004,0.0541,0.0614,0.0637,0.06810000000000001,0.085,0.0864,0.09280000000000001,0.093,0.10020000000000001,0.1015,0.1178,0.1232,0.1241,0.149,0.1526,0.1534,0.1585,0.1588,0.164,0.1706,0.1726,0.17550000000000002,0.1806,0.18630000000000002,0.197,0.19740000000000002,0.2069,0.2182,0.2242,0.2275,0.2277,0.2315,0.23220000000000002,0.23390000000000002,0.2359,0.2419,0.2614,0.27030000000000004,0.2757,0.2772,0.2811,0.2897,0.2907,0.3017,0.3111,0.3114,0.3284,0.3327,0.3331,0.335,0.34390000000000004,0.3453,0.3506,0.35150000000000003,0.3739,0.3755,0.3786,0.38430000000000003,0.3894,0.38970000000000005,0.39530000000000004,0.4107,0.41100000000000003,0.4141,0.41800000000000004,0.42210000000000003,0.4237,0.42850000000000005,0.4312,0.4338,0.4399,0.4464,0.4495,0.4536,0.46280000000000004,0.4662,0.46740000000000004,0.4696,0.4859,0.4868,0.49420000000000003,0.49610000000000004,0.5131,0.5139,0.5193,0.5231,0.5307000000000001,0.5354,0.5555,0.5573,0.5647,0.5764,0.5769000000000001,0.5966,0.5988,0.6092000000000001,0.6136,0.6139,0.6196,0.623,0.6265000000000001,0.6276,0.6345000000000001,0.6465000000000001,0.6508,0.6601,0.6607000000000001,0.6759000000000001,0.6852,0.7024,0.7058,0.7062,0.7093,0.7114,0.7281000000000001,0.7441,0.7575000000000001,0.7663000000000001,0.7671,0.773,0.7866000000000001,0.789,0.7904,0.7957000000000001,0.8011,0.8053,0.8094,0.8121,0.8142,0.8256,0.8266,0.8295,0.8305,0.8358,0.8403,0.8515,0.8550000000000001,0.8564,0.8626,0.88,0.8804000000000001,0.8832000000000001,0.8929,0.8948,0.9116000000000001,0.9156000000000001,0.9193,0.9303,0.9435,0.9438000000000001,0.9466,0.9505,0.9562,0.9602,0.9608000000000001,0.9672000000000001,0.9715,0.9797,0.9855,0.993
51366:0.0014,0.0029000000000000002,0.0054,0.020300000000000002,0.0279,0.0432,0.0449,0.0497,0.0534,0.061000000000000006,0.08,0.0809,0.08710000000000001,0.1109,0.1159,0.1193,0.1267,0.12840000000000001,0.1287,0.1399,0.1418,0.1515,0.1744,0.19460000000000002,0.2038,0.21710000000000002,0.22210000000000002,0.2255,0.2283,0.23450000000000001,0.2356,0.2409,0.2515,0.252,0.2577,0.2626,0.2636,0.2642,0.2654,0.278,0.2901,0.2914,0.2944,0.2975,0.309,0.3103,0.3118,0.3129,0.32630000000000003,0.34090000000000004,0.35250000000000004,0.35810000000000003,0.3689,0.3705,0.3725,0.37270000000000003,0.37420000000000003,0.3912,0.39480000000000004,0.39840000000000003,0.3986,0.4042,0.42810000000000004,0.4485,0.45530000000000004,0.46390000000000003,0.46430000000000005,0.47200000000000003,0.4731,0.49910000000000004,0.5031,0.5248,0.5313,0.5429,0.5455,0.5536,0.5552,0.5609000000000001,0.5625,0.5724,0.5737,0.5814,0.5892000000000001,0.614,0.6246,0.6311,0.6313000000000001,0.6328,0.633,0.6378,0.6426000000000001,0.6549,0.6615,0.6624,0.6737000000000001,0.68,0.6826,0.6951,0.7035,0.7100000000000001,0.7144,0.7308,0.7462000000000001,0.75,0.7541,0.7718,0.7733,0.78,0.7928000000000001,0.7947000000000001,0.7988000000000001,0.8002,0.8034,0.8061,0.8075,0.8112,0.8137000000000001,0.8167000000000001,0.8250000000000001,0.8278000000000001,0.8402000000000001,0.8411000000000001,0.8503000000000001,0.8522000000000001,0.8555,0.8585,0.8635,0.8683000000000001,0.8831,0.8837,0.8908,0.8995000000000001,0.9146000000000001,0.9241,0.9258000000000001,0.9327000000000001,0.9341,0.9371,0.9434,0.9490000000000001,0.9492,0.9497000000000001,0.9628000000000001,0.9695,0.9718,0.9771000000000001,0.9860000000000001,0.9880000000000001,0.9957
58540:0.0015,0.0114,0.021500000000000002,0.0285,0.0456,0.0468,0.05,0.050800000000000005,0.0653,0.0669,0.0678,0.0707,0.08410000000000001,0.09580000000000001,0.1262,0.1274,0.1443,0.1451,0.14550000000000002,0.1527,0.1565,0.16060000000000002,0.1645,0.1693,0.19060000000000002,0.2034,0.20500000000000002,0.2285,0.2399,0.2697,0.2943,0.3094,0.31010000000000004,0.3366,0.33840000000000003,0.3427,0.3441,0.3561,0.3623,0.3669,0.3713,0.37370000000000003,0.38,0.3909,0.3917,0.4052,0.4058,0.4083,0.4156,0.4239,0.42460000000000003,0.4254,0.43,0.43270000000000003,0.4607,0.46190000000000003,0.4645,0.4912,0.4939,0.5081,0.5198,0.5672,0.5771000000000001,0.5781000000000001,0.5846,0.5901000000000001,0.5911000000000001,0.5925,0.6017,0.6048,0.6114,0.6214000000000001,0.6285000000000001,0.6347,0.6367,0.6432,0.6681,0.6692,0.6698000000000001,0.6723,0.6732,0.6805,0.6817000000000001,0.6900000000000001,0.731,0.7411,0.7428,0.7452000000000001,0.7513000000000001,0.7521,0.7931,0.7965,0.8097000000000001,0.8122,0.8146,0.8172,0.8231,0.8270000000000001,0.8273,0.8333,0.8423,0.8461000000000001,0.8526,0.8548,0.8621000000000001,0.8673000000000001,0.872,0.8765000000000001,0.8803000000000001,0.8873000000000001,0.8881,0.8883000000000001,0.8899,0.9045000000000001,0.9067000000000001,0.9081,0.9152,0.9178000000000001,0.9209,0.9490000000000001,0.9515,0.9518000000000001,0.9623,0.9662000000000001,0.9680000000000001,0.9682000000000001,0.9752000000000001,0.9820000000000001,0.991,0.9918,0.9924000000000001,0.9943000000000001,0.9994000000000001
59514:0.0059,0.006900000000000001,0.017,0.0395,0.0597,0.060200000000000004,0.0732,0.07740000000000001,0.0777,0.0855,0.08650000000000001,0.0964,0.097,0.1032,0.1034,0.10930000000000001,0.1121,0.116,0.1233,0.13140000000000002,0.1332,0.149,0.1509,0.1705,0.1714,0.1758,0.1771,0.1832,0.1956,0.20450000000000002,0.2104,0.2119,0.2212,0.23320000000000002,0.23570000000000002,0.2484,0.2523,0.2554,0.2556,0.25720000000000004,0.2716,0.27440000000000003,0.2782,0.28900000000000003,0.2938,0.3052,0.3118,0.3158,0.3362,0.37070000000000003,0.3819,0.40850000000000003,0.436,0.4388,0.4433,0.45430000000000004,0.46230000000000004,0.4743,0.4802,0.49770000000000003,0.5002,0.5122,0.5165000000000001,0.5204,0.5225000000000001,0.5262,0.5266000000000001,0.5459,0.5462,0.5553,0.5604,0.5721,0.5904,0.6095,0.6157,0.6191,0.6298,0.6324000000000001,0.639,0.6407,0.6429,0.6431,0.6494,0.6675,0.6885,0.6936,0.6962,0.6992,0.7069000000000001,0.7071000000000001,0.7109000000000001,0.7143,0.7245,0.7257,0.7468,0.7533000000000001,0.7631,0.772,0.7723,0.7781,0.7859,0.7974,0.8029000000000001,0.8032,0.8041,0.8043,0.8053,0.8111,0.8146,0.8289000000000001,0.8301000000000001,0.8665,0.891,0.892,0.9025000000000001,0.9055000000000001,0.9185000000000001,0.9342,0.9364,0.9404,0.9494,0.9570000000000001,0.9605,0.9721000000000001,0.9766,0.9773000000000001,0.9781000000000001,0.9938
61871:0.017,0.019100000000000002,0.0351,0.0468,0.061700000000000005,0.067,0.0734,0.0789,0.0855,0.10200000000000001,0.1022,0.1071,0.108,0.135,0.1383,0.1433,0.1522,0.1525,0.1603,0.1663,0.16770000000000002,0.1908,0.20420000000000002,0.2048,0.2066,0.2078,0.21250000000000002,0.21810000000000002,0.22030000000000002,0.22490000000000002,0.2285,0.2328,0.24100000000000002,0.2426,0.24710000000000001,0.2521,0.2767,0.2791,0.2795,0.2807,0.2816,0.2851,0.2916,0.2927,0.29550000000000004,0.30160000000000003,0.31570000000000004,0.3164,0.3309,0.332,0.3501,0.3534,0.3538,0.3544,0.37020000000000003,0.3798,0.3801,0.3884,0.3982,0.3987,0.4136,0.4289,0.4446,0.44720000000000004,0.4521,0.45320000000000005,0.45730000000000004,0.4802,0.49500000000000005,0.49610000000000004,0.5049,0.5398000000000001,0.553,0.5665,0.5674,0.5755,0.5783,0.5809000000000001,0.5828,0.6005,0.613,0.6219,0.6384000000000001,0.6462,0.6496000000000001,0.6585000000000001,0.6595000000000001,0.6658000000000001,0.6669,0.6675,0.6679,0.6721,0.6739,0.6784,0.6788000000000001,0.6824,0.6835,0.6964,0.6968000000000001,0.7140000000000001,0.7301000000000001,0.7398,0.7419,0.7427,0.747,0.7556,0.7584000000000001,0.764,0.7658,0.7684000000000001,0.7706000000000001,0.7754000000000001,0.7831,0.7857000000000001,0.7962,0.7984,0.8027000000000001,0.8054,0.8064,0.812,0.8169000000000001,0.8343,0.8376,0.8532000000000001,0.8629,0.8634000000000001,0.8693000000000001,0.8893000000000001,0.8943000000000001,0.8993,0.9054000000000001,0.9083,0.9125000000000001,0.9172,0.9198000000000001,0.9245000000000001,0.9259000000000001,0.9299000000000001,0.9446,0.9495,0.9524,0.9547,0.9578000000000001,0.9597,0.9729000000000001,0.9770000000000001,0.9789,0.9866,0.9896,0.9915
64388:0.005,0.0094,0.015300000000000001,0.0251,0.038400000000000004,0.0533,0.0609,0.061900000000000004,0.06420000000000001,0.0664,0.06860000000000001,0.0711,0.0723,0.0734,0.075,0.0794,0.0815,0.0868,0.09040000000000001,0.0908,0.1015,0.1095,0.1159,0.124,0.1245,0.1458,0.1474,0.15330000000000002,0.16390000000000002,0.1761,0.1801,0.1947,0.1951,0.20600000000000002,0.2092,0.21050000000000002,0.21380000000000002,0.21710000000000002,0.2205,0.2369,0.2393,0.2474,0.2805,0.2823,0.2883,0.2924,0.2984,0.3093,0.3154,0.319,0.3247,0.3438,0.3458,0.35150000000000003,0.36410000000000003,0.368,0.37210000000000004,0.37370000000000003,0.3753,0.377,0.3784,0.3952,0.3967,0.3971,0.40080000000000005,0.4012,0.4042,0.4046,0.4101,0.4103,0.4169,0.43620000000000003,0.43760000000000004,0.4414,0.4469,0.4602,0.4721,0.47850000000000004,0.4862,0.4963,0.5077,0.5171,0.5205000000000001,0.5207,0.5287000000000001,0.5311,0.5395,0.5425,0.5553,0.5639000000000001,0.5749000000000001,0.5850000000000001,0.5991000000000001,0.6292,0.6358,0.6498,0.6645,0.666,0.6767000000000001,0.6787000000000001,0.6874,0.6905,0.6974,0.7039000000000001,0.7041000000000001,0.7135,0.7211000000000001,0.7251000000000001,0.7302000000000001,0.7362000000000001,0.748,0.7486,0.758,0.7626000000000001,0.7743,0.7761,0.782,0.7958000000000001,0.8003,0.8018000000000001,0.81,0.8299000000000001,0.8310000000000001,0.8440000000000001,0.8619,0.8832000000000001,0.8927,0.9032,0.9314,0.933,0.9356000000000001,0.9754,0.9760000000000001,0.9844,0.9958
65084:0.0033,0.0112,0.017400000000000002,0.039900000000000005,0.044000000000000004,0.0473,0.054400000000000004,0.0616,0.0679,0.0828,0.08950000000000001,0.0926,0.0976,0.099,0.1042,0.1047,0.1116,0.1179,0.12380000000000001,0.1433,0.14800000000000002,0.1524,0.15710000000000002,0.1575,0.1636,0.17880000000000001,0.19790000000000002,0.203,0.2071,0.2101,0.228,0.2386,0.2412,0.2431,0.2446,0.2539,0.259,0.27190000000000003,0.274,0.2949,0.2969,0.3143,0.3153,0.3175,0.32030000000000003,0.32270000000000004,0.33080000000000004,0.3491,0.3526,0.3754,0.3796,0.3805,0.3844,0.38770000000000004,0.3905,0.394,0.399,0.4012,0.4026,0.4102,0.4126,0.4188,0.42150000000000004,0.42700000000000005,0.42810000000000004,0.4329,0.451,0.4567,0.4601,0.4645,0.4736,0.48140000000000005,0.48760000000000003,0.4878,0.4917,0.5084000000000001,0.5175000000000001,0.5238,0.543,0.5499,0.5725,0.5730000000000001,0.5737,0.5772,0.5841000000000001,0.5880000000000001,0.5932000000000001,0.595,0.6087,0.616,0.6188,0.6192000000000001,0.6228,0.6297,0.6325000000000001,0.6377,0.6415000000000001,0.6445000000000001,0.6548,0.6553,0.6615,0.6646000000000001,0.6658000000000001,0.6682,0.675,0.6796,0.6936,0.7028,0.7039000000000001,0.7051000000000001,0.7251000000000001,0.7253000000000001,0.7298,0.731,0.7337,0.7421,0.7449,0.7609,0.7662,0.7674000000000001,0.7722,0.7788,0.7851,0.8051,0.8113,0.8182,0.8262,0.8343,0.8498,0.8615,0.8673000000000001,0.8694000000000001,0.8785000000000001,0.8866,0.8902,0.8941,0.9278000000000001,0.9294,0.9412,0.9477000000000001,0.9564,0.9603,0.9630000000000001,0.9801000000000001,0.991
70106:0.0058000000000000005,0.0148,0.0374,0.0511,0.0631,0.06960000000000001,0.07400000000000001,0.075,0.0911,0.0969,0.09730000000000001,0.1009,0.10250000000000001,0.10490000000000001,0.11670000000000001,0.12560000000000002,0.1335,0.13490000000000002,0.1409,0.1542,0.15560000000000002,0.15610000000000002,0.16,0.16570000000000001,0.1668,0.1794,0.1807,0.18510000000000001,0.1894,0.1935,0.19770000000000001,0.2083,0.2114,0.2119,0.2147,0.2364,0.2374,0.24150000000000002,0.2536,0.26890000000000003,0.2777,0.2838,0.29650000000000004,0.2975,0.29960000000000003,0.30210000000000004,0.30720000000000003,0.3219,0.33380000000000004,0.3346,0.33630000000000004,0.3456,0.35710000000000003,0.3647,0.36710000000000004,0.3795,0.3936,0.43910000000000005,0.451,0.4611,0.46840000000000004,0.4737,0.47390000000000004,0.4773,0.4786,0.47990000000000005,0.496,0.4965,0.49970000000000003,0.5256000000000001,0.537,0.5562,0.5617,0.5671,0.5879,0.5986,0.6009,0.6046,0.605,0.6057,0.6153000000000001,0.6204000000000001,0.6266,0.6283000000000001,0.6286,0.632,0.6418,0.6429,0.6443,0.654,0.6545000000000001,0.6679,0.6695,0.6719,0.6856,0.6924,0.6999000000000001,0.7047,0.7147,0.7149,0.7199,0.7318,0.732,0.7526,0.7708,0.7826000000000001,0.7832,0.8276,0.8367,0.8379000000000001,0.8405,0.8447,0.8501000000000001,0.8592000000000001,0.8625,0.8818,0.9095000000000001,0.9112,0.9225000000000001,0.9313,0.9482,0.9484,0.9561000000000001,0.9696,0.9808,0.9897,0.9899
71642:0.0026000000000000003,0.0227,0.0332,0.037000000000000005,0.0381,0.0477,0.051300000000000005,0.0545,0.0684,0.0779,0.0785,0.08360000000000001,0.0873,0.08950000000000001,0.10160000000000001,0.1057,0.1119,0.1331,0.135,0.14350000000000002,0.14600000000000002,0.15560000000000002,0.1673,0.17120000000000002,0.17320000000000002,0.18150000000000002,0.1847,0.1852,0.2,0.2051,0.2088,0.21980000000000002,0.22160000000000002,0.22210000000000002,0.22360000000000002,0.2306,0.2459,0.24710000000000001,0.2509,0.2514,0.2736,0.2745,0.2776,0.28040000000000004,0.2921,0.2927,0.2983,0.3033,0.309,0.3156,0.326,0.32630000000000003,0.3325,0.3407,0.3443,0.3476,0.35700000000000004,0.36300000000000004,0.3657,0.3684,0.3738,0.3886,0.3895,0.4097,0.4113,0.4151,0.4209,0.4258,0.42700000000000005,0.4333,0.4338,0.4359,0.4404,0.44970000000000004,0.47550000000000003,0.4782,0.4803,0.4964,0.497,0.5002,0.5012,0.5143,0.5257000000000001,0.5273,0.5371,0.5523,0.5549000000000001,0.5565,0.5576,0.5641,0.5704,0.5930000000000001,0.6048,0.6088,0.613,0.6157,0.6181,0.632,0.6366,0.6382,0.65,0.6599,0.6726000000000001,0.6763,0.6798000000000001,0.6816,0.6864,0.7101000000000001,0.7119000000000001,0.7138,0.7153,0.7158,0.7264,0.7306,0.7332000000000001,0.7433000000000001,0.7507,0.7695000000000001,0.7753,0.7878000000000001,0.7894,0.8008000000000001,0.8142,0.8200000000000001,0.8332,0.8469,0.8535,0.8544,0.8596,0.8633000000000001,0.8635,0.8656,0.8785000000000001,0.881,0.8975000000000001,0.9011,0.9021,0.9094000000000001,0.9096000000000001,0.9194,0.9226000000000001,0.9316000000000001,0.9393,0.9415,0.9451,0.9522,0.9637,0.9669000000000001,0.9732000000000001,0.9769000000000001,0.9801000000000001,0.9803000000000001,0.9888
78673:0.0158,0.0164,0.020800000000000003,0.0246,0.0396,0.046,0.056,0.07,0.0752,0.099,0.10020000000000001,0.10690000000000001,0.1203,0.1255,0.1265,0.13340000000000002,0.139,0.161,0.16490000000000002,0.168,0.1817,0.1986,0.2102,0.21680000000000002,0.2187,0.2368,0.2464,0.2559,0.2574,0.2768,0.27940000000000004,0.2842,0.2873,0.2876,0.2944,0.30460000000000004,0.3064,0.3088,0.3185,0.319,0.3234,0.3262,0.3392,0.3402,0.3411,0.3435,0.3491,0.3501,0.3577,0.36060000000000003,0.3694,0.3725,0.37270000000000003,0.37610000000000005,0.3803,0.393,0.4136,0.4168,0.4186,0.4212,0.4504,0.4514,0.45330000000000004,0.4655,0.47490000000000004,0.4782,0.48090000000000005,0.48700000000000004,0.4873,0.4924,0.496,0.505,0.5052,0.5287000000000001,0.5297000000000001,0.5321,0.5372,0.5378000000000001,0.5387000000000001,0.5489,0.5522,0.5648000000000001,0.5677,0.5691,0.5736,0.5830000000000001,0.5840000000000001,0.5854,0.5991000000000001,0.6099,0.6236,0.6374000000000001,0.6485000000000001,0.6647000000000001,0.6859000000000001,0.6924,0.7021000000000001,0.7067,0.7180000000000001,0.7285,0.7362000000000001,0.7466,0.7513000000000001,0.7548,0.7597,0.7648,0.7695000000000001,0.7711,0.772,0.7792,0.7805000000000001,0.7842,0.7853,0.7859,0.7878000000000001,0.8044,0.8051,0.8089000000000001,0.8173,0.8192,0.8205,0.8228000000000001,0.8341000000000001,0.8413,0.8431000000000001,0.8477,0.8644000000000001,0.8761,0.8769,0.8787,0.8796,0.8887,0.8905000000000001,0.9017000000000001,0.9051,0.9065000000000001,0.9081,0.9114000000000001,0.921,0.927,0.9278000000000001,0.9348000000000001,0.9358000000000001,0.9383,0.9410000000000001,0.9509000000000001,0.9520000000000001,0.9647,0.9663,0.9708,0.9730000000000001,0.9765,0.9808,0.9862000000000001,0.991
82405:0.005200000000000001,0.0119,0.0247,0.031400000000000004,0.0584,0.059000000000000004,0.06670000000000001,0.08370000000000001,0.0954,0.1038,0.1043,0.10540000000000001,0.10740000000000001,0.10830000000000001,0.12840000000000001,0.1288,0.1321,0.136,0.139,0.15610000000000002,0.16440000000000002,0.1676,0.2084,0.2096,0.2303,0.2318,0.2515,0.2565,0.2602,0.2615,0.262,0.26580000000000004,0.27,0.2871,0.28950000000000004,0.32130000000000003,0.3385,0.34040000000000004,0.3407,0.35350000000000004,0.3734,0.3981,0.40130000000000005,0.40280000000000005,0.4038,0.4102,0.41140000000000004,0.4325,0.44220000000000004,0.44420000000000004,0.4485,0.45370000000000005,0.46740000000000004,0.46890000000000004,0.47390000000000004,0.4778,0.4922,0.5057,0.508,0.5149,0.5228,0.5322,0.5379,0.56,0.5602,0.5638000000000001,0.5641,0.5659000000000001,0.5718,0.5737,0.5773,0.5782,0.5840000000000001,0.5874,0.5887,0.5905,0.6037,0.6039,0.6045,0.6076,0.6086,0.6091,0.6162000000000001,0.6188,0.6191,0.6244000000000001,0.6251,0.6284000000000001,0.6373,0.6465000000000001,0.6485000000000001,0.6514,0.6643,0.6688000000000001,0.6709,0.6718000000000001,0.7019000000000001,0.7039000000000001,0.7075,0.7089000000000001,0.7281000000000001,0.7309,0.7365,0.7588,0.7638,0.7646000000000001,0.7673,0.7885000000000001,0.7985,0.8103,0.8190000000000001,0.8193,0.8234,0.8328,0.8353,0.8500000000000001,0.8521000000000001,0.8594,0.8614,0.889,0.8914000000000001,0.8931,0.8962,0.8979,0.9029,0.9048,0.906,0.9201,0.9246000000000001,0.9285,0.9481,0.9518000000000001,0.9567,0.9754,0.9772000000000001,0.995,0.9983000000000001
83371:0.0024000000000000002,0.011000000000000001,0.0134,0.0146,0.019700000000000002,0.0337,0.0342,0.0408,0.0497,0.0529,0.057600000000000005,0.0604,0.0609,0.0627,0.06570000000000001,0.07,0.0732,0.08510000000000001,0.09910000000000001,0.10060000000000001,0.10400000000000001,0.11030000000000001,0.113,0.1187,0.125,0.126,0.129,0.1384,0.1391,0.14,0.1532,0.1884,0.1956,0.1973,0.20670000000000002,0.2096,0.2288,0.2326,0.25470000000000004,0.2763,0.2767,0.2887,0.29810000000000003,0.3155,0.3196,0.324,0.33890000000000003,0.3417,0.3432,0.34700000000000003,0.3653,0.36710000000000004,0.372,0.381,0.3839,0.4111,0.4164,0.4199,0.4293,0.4489,0.4531,0.4651,0.4884,0.4998,0.5007,0.5019,0.5075000000000001,0.5105000000000001,0.5167,0.5205000000000001,0.5265000000000001,0.5278,0.5292,0.5348,0.537,0.5412,0.5465,0.5668000000000001,0.5784,0.5998,0.6077,0.6103000000000001,0.629,0.6408,0.6461,0.6463,0.654,0.6561,0.6573,0.6601,0.6647000000000001,0.6718000000000001,0.6817000000000001,0.6862,0.7092,0.7103,0.7128,0.7175,0.7251000000000001,0.7279,0.7338,0.7397,0.7403000000000001,0.7425,0.7461,0.7492000000000001,0.7519,0.753,0.756,0.759,0.763,0.7654000000000001,0.7665000000000001,0.7725000000000001,0.774,0.7758,0.7924,0.8161,0.8163,0.8255,0.8497,0.8569,0.8673000000000001,0.8739,0.8757,0.8823000000000001,0.8846,0.8869,0.8893000000000001,0.8916000000000001,0.8973000000000001,0.9059,0.9094000000000001,0.9241,0.9464,0.9651000000000001,0.9669000000000001,0.9799,0.9961000000000001
85318:0.0016,0.0046,0.013000000000000001,0.0154,0.0158,0.0261,0.0275,0.029900000000000003,0.0344,0.0444,0.0546,0.0724,0.0757,0.0785,0.08950000000000001,0.0947,0.10700000000000001,0.11670000000000001,0.1182,0.1278,0.128,0.1291,0.1312,0.1343,0.1433,0.1449,0.14830000000000002,0.1487,0.1577,0.1632,0.1733,0.1759,0.17930000000000001,0.18000000000000002,0.2099,0.2101,0.2184,0.255,0.2637,0.2647,0.266,0.26940000000000003,0.2861,0.306,0.3119,0.3289,0.3291,0.3299,0.3325,0.3356,0.341,0.36150000000000004,0.3662,0.3763,0.385,0.386,0.4055,0.4156,0.4194,0.4238,0.4252,0.4315,0.4344,0.4419,0.48050000000000004,0.4867,0.504,0.514,0.5158,0.5208,0.5336000000000001,0.542,0.5508000000000001,0.5524,0.5646,0.5680000000000001,0.5838,0.6063000000000001,0.6183000000000001,0.6284000000000001,0.6295000000000001,0.6343,0.6575000000000001,0.6591,0.6623,0.6683,0.6695,0.67,0.6774,0.6788000000000001,0.683,0.6932,0.7415,0.7477,0.7545000000000001,0.7553000000000001,0.7619,0.7665000000000001,0.7671,0.779,0.7837000000000001,0.7883,0.7892,0.7908000000000001,0.8006000000000001,0.8176,0.8489,0.8502000000000001,0.871,0.8767,0.88,0.8919,0.8965000000000001,0.8969,0.8983000000000001,0.9013,0.9245000000000001,0.9253,0.9277000000000001,0.9309000000000001,0.9342,0.9482,0.9554,0.9799,0.9863000000000001,0.9976
86992:0.0081,0.012400000000000001,0.0154,0.0304,0.037700000000000004,0.055200000000000006,0.0572,0.0675,0.0688,0.0692,0.0761,0.11800000000000001,0.11960000000000001,0.12300000000000001,0.1237,0.1404,0.1463,0.1515,0.16820000000000002,0.17980000000000002,0.1865,0.1958,0.2008,0.21080000000000002,0.21180000000000002,0.2136,0.21930000000000002,0.22690000000000002,0.23190000000000002,0.2479,0.24810000000000001,0.2506,0.2604,0.2626,0.2662,0.2695,0.27590000000000003,0.2787,0.3034,0.3289,0.3386,0.3421,0.34390000000000004,0.3567,0.3579,0.3607,0.36860000000000004,0.3694,0.4187,0.43260000000000004,0.4329,0.43510000000000004,0.44480000000000003,0.4526,0.4637,0.4721,0.4733,0.4768,0.49310000000000004,0.49970000000000003,0.5083,0.5115000000000001,0.5469,0.548,0.5513,0.5579000000000001,0.5650000000000001,0.5760000000000001,0.5893,0.5948,0.6102000000000001,0.6177,0.6292,0.636,0.6379,0.6414000000000001,0.6421,0.6529,0.6873,0.7057,0.7147,0.7298,0.7386,0.7394000000000001,0.7456,0.7519,0.7679,0.7702,0.8013,0.8043,0.8061,0.8144,0.8428,0.8468,0.8525,0.8555,0.8574,0.8641000000000001,0.8705,0.9134,0.9158000000000001,0.9241,0.9251,0.9299000000000001,0.9343,0.9359000000000001,0.9364,0.9467000000000001,0.9488000000000001,0.9498000000000001,0.9547,0.9589000000000001,0.9647,0.9711000000000001,0.9738,0.9791000000000001,0.9868,0.9922000000000001
87800:0.0071,0.013000000000000001,0.0151,0.0234,0.028,0.0284,0.0427,0.048,0.050100000000000006,0.0815,0.1023,0.1046,0.1072,0.1082,0.11800000000000001,0.1246,0.1275,0.13240000000000002,0.1364,0.1458,0.154,0.159,0.1636,0.1691,0.1699,0.1758,0.1864,0.2066,0.2073,0.2139,0.2205,0.2252,0.23720000000000002,0.24130000000000001,0.2528,0.2548,0.269,0.27640000000000003,0.2823,0.28950000000000004,0.29660000000000003,0.30770000000000003,0.3163,0.3216,0.3418,0.3473,0.34890000000000004,0.3598,0.36200000000000004,0.3728,0.3854,0.3906,0.40080000000000005,0.4012,0.4016,0.4077,0.4083,0.4136,0.42160000000000003,0.4238,0.4339,0.4354,0.43670000000000003,0.43860000000000005,0.4403,0.44480000000000003,0.4465,0.4514,0.4525,0.4534,0.4632,0.4636,0.47350000000000003,0.47440000000000004,0.48560000000000003,0.49510000000000004,0.5027,0.5092,0.5098,0.5128,0.5163,0.5296000000000001,0.5333,0.5378000000000001,0.5495,0.5552,0.5603,0.5611,0.5638000000000001,0.5822,0.5913,0.5935,0.5963,0.6038,0.6066,0.6159,0.6217,0.6266,0.6288,0.6312,0.6315000000000001,0.6409,0.6429,0.6509,0.6721,0.6745,0.6765,0.6769000000000001,0.6794,0.6814,0.6928000000000001,0.6938000000000001,0.6958000000000001,0.6965,0.7190000000000001,0.7204,0.7319,0.7383000000000001,0.7391000000000001,0.7395,0.7474000000000001,0.7591,0.7604000000000001,0.7743,0.7816000000000001,0.7845000000000001,0.7932,0.8025,0.8255,0.8302,0.8448,0.8464,0.8528,0.8954000000000001,0.8972,0.8985000000000001,0.905,0.9284,0.9390000000000001,0.9481,0.9486,0.9504,0.9533,0.9569000000000001,0.9698
105604:0.031,0.0323,0.0339,0.0729,0.08030000000000001,0.08370000000000001,0.08660000000000001,0.0897,0.09730000000000001,0.1047,0.10930000000000001,0.1096,0.11170000000000001,0.11420000000000001,0.117,0.1318,0.1365,0.1371,0.1406,0.1476,0.15,0.1542,0.1598,0.165,0.1652,0.19060000000000002,0.194,0.2,0.2313,0.23420000000000002,0.23500000000000001,0.2374,0.2388,0.24330000000000002,0.2474,0.25680000000000003,0.26230000000000003,0.2634,0.268,0.2782,0.2828,0.2917,0.3045,0.309,0.3105,0.31520000000000004,0.3179,0.32480000000000003,0.3365,0.3446,0.3663,0.3683,0.37770000000000004,0.40940000000000004,0.4116,0.4171,0.4186,0.4218,0.4273,0.42850000000000005,0.43870000000000003,0.4481,0.4486,0.4531,0.45740000000000003,0.45890000000000003,0.46090000000000003,0.4622,0.4748,0.4773,0.47800000000000004,0.4783,0.4882,0.518,0.5404,0.5542,0.5584,0.5640000000000001,0.5705,0.5707,0.5726,0.5804,0.5864,0.5890000000000001,0.5937,0.599,0.6041000000000001,0.6101,0.6147,0.6179,0.6315000000000001,0.6394000000000001,0.6449,0.647,0.6568,0.6593,0.6652,0.6688000000000001,0.6920000000000001,0.6970000000000001,0.7102,0.7339,0.7397,0.7497,0.7503000000000001,0.7543000000000001,0.78,0.7939,0.7971,0.8169000000000001,0.8196,0.8287,0.8324,0.8451000000000001,0.8463,0.8525,0.8536,0.8606,0.8612000000000001,0.8622000000000001,0.865,0.8766,0.882,0.8872,0.8933000000000001,0.8939,0.9075000000000001,0.9275,0.9345,0.9613,0.9734,0.9761000000000001,0.9765,0.9815,0.9849,0.9862000000000001,0.9904000000000001,0.9947,0.999
108423:0.0049,0.0125,0.014700000000000001,0.020900000000000002,0.025,0.0256,0.0302,0.036000000000000004,0.0575,0.06420000000000001,0.0656,0.0659,0.06960000000000001,0.0855,0.11130000000000001,0.11380000000000001,0.117,0.1236,0.1242,0.1247,0.12490000000000001,0.1257,0.12840000000000001,0.1467,0.1705,0.1842,0.1854,0.19490000000000002,0.1985,0.2086,0.2117,0.2175,0.22590000000000002,0.2336,0.258,0.25930000000000003,0.2607,0.2697,0.28190000000000004,0.28350000000000003,0.2883,0.2923,0.31020000000000003,0.3133,0.3186,0.33080000000000004,0.34190000000000004,0.3448,0.3537,0.3569,0.35850000000000004,0.3588,0.36360000000000003,0.37670000000000003,0.38870000000000005,0.38920000000000005,0.3904,0.3907,0.3916,0.39330000000000004,0.40140000000000003,0.4016,0.406,0.4116,0.4172,0.43060000000000004,0.4318,0.4378,0.46940000000000004,0.4717,0.4753,0.4801,0.48460000000000003,0.49870000000000003,0.5046,0.5084000000000001,0.5191,0.5229,0.5257000000000001,0.5293,0.5357000000000001,0.5385,0.5439,0.5585,0.5598000000000001,0.5637,0.5663,0.5756,0.5787,0.5798,0.5817,0.5984,0.601,0.6106,0.6131,0.6216,0.628,0.632,0.6326,0.6372,0.6414000000000001,0.6462,0.6471,0.6507000000000001,0.6527000000000001,0.6536000000000001,0.6622,0.6639,0.6669,0.6764,0.6796,0.6861,0.6920000000000001,0.7031000000000001,0.7038,0.7049000000000001,0.7249,0.7265,0.7321000000000001,0.7343000000000001,0.7364,0.7547,0.7673,0.7714000000000001,0.7776000000000001,0.7819,0.7914,0.8014,0.8051,0.8203,0.8326,0.8356,0.8537,0.8763000000000001,0.88,0.8804000000000001,0.8882,0.912,0.9191,0.9194,0.9235000000000001,0.9247000000000001,0.9258000000000001,0.9273,0.9424,0.9468000000000001,0.9529000000000001,0.9534,0.9607,0.9636,0.9638000000000001,0.9693,0.9722000000000001,0.9751000000000001,0.9792000000000001,0.9843000000000001,0.9938,0.9948,0.9967,0.9984000000000001,0.9986
110301:0.0015,0.004200000000000001,0.0053,0.0076,0.0126,0.0264,0.0358,0.0437,0.045000000000000005,0.046900000000000004,0.048,0.049100000000000005,0.0514,0.0608,0.06760000000000001,0.068,0.075,0.0804,0.0809,0.0916,0.097,0.1042,0.1075,0.1275,0.1293,0.1359,0.14170000000000002,0.14550000000000002,0.1578,0.1721,0.1797,0.1867,0.1874,0.2,0.20070000000000002,0.2076,0.228,0.2285,0.22890000000000002,0.2323,0.23820000000000002,0.24080000000000001,0.2429,0.25720000000000004,0.25880000000000003,0.265,0.27690000000000003,0.2777,0.2798,0.28300000000000003,0.29410000000000003,0.29560000000000003,0.3216,0.3261,0.3307,0.3435,0.3533,0.35700000000000004,0.35800000000000004,0.36150000000000004,0.36210000000000003,0.364,0.3664,0.36810000000000004,0.3699,0.39330000000000004,0.40640000000000004,0.42260000000000003,0.4254,0.42600000000000005,0.46540000000000004,0.4778,0.4874,0.48760000000000003,0.4955,0.5165000000000001,0.5219,0.5454,0.5518000000000001,0.5545,0.5627,0.5731,0.5803,0.5871000000000001,0.5874,0.5993,0.6007,0.6107,0.6205,0.6212,0.6229,0.627,0.6374000000000001,0.6507000000000001,0.6528,0.6558,0.6564,0.6586000000000001,0.6665,0.6672,0.6746,0.6762,0.6806,0.6837000000000001,0.6985,0.7054,0.7187,0.7372000000000001,0.7552,0.7598,0.7735000000000001,0.7748,0.7765000000000001,0.7955,0.8005,0.8011,0.804,0.8051,0.8181,0.8220000000000001,0.8341000000000001,0.8351000000000001,0.8356,0.8370000000000001,0.8387,0.8454,0.8541000000000001,0.8713000000000001,0.8735,0.8892,0.8924000000000001,0.8985000000000001,0.9123,0.9151,0.9184,0.9241,0.9364,0.9488000000000001,0.9519000000000001,0.9555,0.9574,0.9722000000000001,0.9806,0.9882000000000001,0.9965
122839:0.0018000000000000002,0.0095,0.0322,0.0324,0.0364,0.0407,0.0478,0.0551,0.0613,0.06910000000000001,0.07590000000000001,0.0886,0.0918,0.0922,0.0936,0.1022,0.1042,0.1231,0.13490000000000002,0.13520000000000001,0.1405,0.1519,0.15330000000000002,0.15610000000000002,0.16670000000000001,0.16740000000000002,0.17750000000000002,0.17830000000000001,0.1789,0.18510000000000001,0.18910000000000002,0.191,0.2049,0.2073,0.2093,0.2233,0.2247,0.2275,0.2315,0.2412,0.24180000000000001,0.2432,0.24430000000000002,0.24530000000000002,0.2606,0.2666,0.2692,0.2817,0.28290000000000004,0.2872,0.2997,0.2999,0.3035,0.3043,0.3052,0.3089,0.3136,0.3195,0.3241,0.3262,0.3335,0.33580000000000004,0.337,0.34290000000000004,0.34940000000000004,0.3512,0.3548,0.3583,0.35960000000000003,0.368,0.377,0.3808,0.3811,0.3856,0.396,0.4025,0.4142,0.4171,0.4178,0.41800000000000004,0.4233,0.43160000000000004,0.4358,0.43710000000000004,0.4388,0.45180000000000003,0.4708,0.47240000000000004,0.4834,0.4838,0.5001,0.5017,0.5075000000000001,0.5199,0.5227,0.5267000000000001,0.5477000000000001,0.5544,0.5556,0.561,0.5633,0.5663,0.5760000000000001,0.5793,0.5809000000000001,0.5835,0.5903,0.5942000000000001,0.6043000000000001,0.6169,0.6182000000000001,0.6253000000000001,0.632,0.6376000000000001,0.6462,0.6469,0.6654,0.6765,0.6787000000000001,0.6832,0.6851,0.6998000000000001,0.7081000000000001,0.7206,0.7273000000000001,0.7333000000000001,0.7373000000000001,0.7376,0.7482000000000001,0.7546,0.7569,0.7602,0.7609,0.7626000000000001,0.7724000000000001,0.7773,0.7872,0.8035,0.809,0.8092,0.8197,0.8215,0.8286,0.8435,0.8476,0.8494,0.8526,0.8555,0.8679,0.871,0.8901,0.8903000000000001,0.8909,0.9029,0.9049,0.9152,0.9252,0.9254,0.9304,0.9354,0.9386,0.9601000000000001,0.9605,0.9626,0.9716,0.9902000000000001,0.9926,0.993
128979:0.0081,0.0137,0.0193,0.0251,0.0316,0.0392,0.041100000000000005,0.0455,0.045700000000000005,0.047,0.052000000000000005,0.0584,0.0658,0.0668,0.0767,0.07980000000000001,0.0981,0.10110000000000001,0.10160000000000001,0.1028,0.1075,0.11860000000000001,0.1384,0.1466,0.15960000000000002,0.1693,0.1756,0.18660000000000002,0.18760000000000002,0.1913,0.1922,0.21450000000000002,0.2149,0.21580000000000002,0.21760000000000002,0.2272,0.2416,0.24780000000000002,0.2541,0.2543,0.2654,0.2674,0.2725,0.2791,0.3005,0.3141,0.32280000000000003,0.3286,0.35000000000000003,0.3539,0.3563,0.3572,0.4082,0.42560000000000003,0.4284,0.4314,0.4348,0.4393,0.44620000000000004,0.44780000000000003,0.44930000000000003,0.4519,0.45840000000000003,0.46440000000000003,0.47790000000000005,0.48200000000000004,0.49050000000000005,0.4927,0.49560000000000004,0.5042,0.5058,0.5069,0.5114000000000001,0.5158,0.5306000000000001,0.5437000000000001,0.5506,0.5541,0.5609000000000001,0.5617,0.5664,0.5704,0.5734,0.5955,0.5998,0.6104,0.6149,0.6152000000000001,0.6205,0.6444000000000001,0.6453,0.653,0.6562,0.6608,0.6747000000000001,0.6764,0.6781,0.6865,0.6877,0.6924,0.7011000000000001,0.7037,0.7121000000000001,0.7124,0.7313000000000001,0.732,0.734,0.7362000000000001,0.7407,0.7465,0.7554000000000001,0.7557,0.7576,0.7595000000000001,0.7627,0.7692,0.7725000000000001,0.7758,0.7783,0.7885000000000001,0.7923,0.8009000000000001,0.8029000000000001,0.8112,0.8124,0.8402000000000001,0.8564,0.8575,0.859,0.8658,0.8825000000000001,0.8859,0.8925000000000001,0.8964000000000001,0.8969,0.8972,0.9004000000000001,0.9125000000000001,0.9166000000000001,0.9199,0.9342,0.9565,0.9582,0.9724,0.9827,0.9840000000000001
129267:0.010400000000000001,0.0129,0.0132,0.031,0.0352,0.0446,0.046400000000000004,0.052000000000000005,0.0548,0.061700000000000005,0.0724,0.07980000000000001,0.0805,0.0887,0.1107,0.1111,0.11280000000000001,0.11520000000000001,0.1154,0.1206,0.135,0.1395,0.1436,0.1448,0.1482,0.156,0.1612,0.1643,0.1857,0.1874,0.1925,0.2076,0.22030000000000002,0.22920000000000001,0.23270000000000002,0.2411,0.254,0.26980000000000004,0.2889,0.29560000000000003,0.2979,0.2999,0.3128,0.3214,0.3225,0.3246,0.33580000000000004,0.3361,0.3657,0.3845,0.394,0.3946,0.40290000000000004,0.4062,0.4067,0.4091,0.4113,0.41490000000000005,0.41800000000000004,0.4212,0.4249,0.4309,0.4501,0.45170000000000005,0.4581,0.4595,0.4655,0.47390000000000004,0.47800000000000004,0.48000000000000004,0.4877,0.4882,0.4894,0.49860000000000004,0.5024000000000001,0.5097,0.5109,0.5226000000000001,0.527,0.5471,0.5574,0.5645,0.5746,0.5864,0.5946,0.5999,0.6253000000000001,0.6353,0.6462,0.6475000000000001,0.6479,0.649,0.6549,0.6584,0.6586000000000001,0.6699,0.6815,0.6869000000000001,0.6970000000000001,0.7079000000000001,0.7181000000000001,0.7187,0.7217,0.7219,0.7286,0.7293000000000001,0.7297,0.7315,0.7839,0.8063,0.8096,0.8133,0.8371000000000001,0.8377,0.8425,0.8463,0.8815000000000001,0.8981,0.904,0.908,0.9111,0.9368000000000001,0.9388000000000001,0.9417000000000001,0.9447000000000001,0.9524,0.9624,0.9859,0.9914000000000001
136061:0.0106,0.0173,0.038400000000000004,0.042300000000000004,0.0453,0.048400000000000006,0.049800000000000004,0.0557,0.0611,0.0656,0.0664,0.0825,0.0848,0.0879,0.099,0.1143,0.11470000000000001,0.1192,0.1217,0.1296,0.14500000000000002,0.1461,0.1511,0.1519,0.16640000000000002,0.1731,0.1757,0.1882,0.1885,0.1927,0.1985,0.2043,0.2182,0.22240000000000001,0.2389,0.24020000000000002,0.25020000000000003,0.2545,0.255,0.26230000000000003,0.27080000000000004,0.2725,0.27290000000000003,0.27340000000000003,0.2805,0.2844,0.2846,0.2989,0.2995,0.3,0.3032,0.3064,0.3089,0.3113,0.3242,0.3254,0.328,0.3397,0.3428,0.3436,0.3456,0.391,0.41350000000000003,0.4186,0.4209,0.4228,0.4233,0.4319,0.44070000000000004,0.4516,0.45530000000000004,0.46990000000000004,0.4928,0.5096,0.5119,0.5128,0.5236000000000001,0.5352,0.5436,0.5544,0.5573,0.5800000000000001,0.5883,0.5952000000000001,0.6067,0.6181,0.6185,0.6243000000000001,0.6287,0.6335000000000001,0.6379,0.6382,0.6419,0.6528,0.6595000000000001,0.6655,0.6785,0.6792,0.6828000000000001,0.6855,0.6933,0.7030000000000001,0.7080000000000001,0.7092,0.7303000000000001,0.7339,0.7353000000000001,0.7397,0.7451,0.7539,0.7544000000000001,0.7552,0.7594000000000001,0.7728,0.7786000000000001,0.7841,0.7896000000000001,0.7902,0.7914,0.8005,0.8023,0.8108000000000001,0.8136,0.8246,0.8290000000000001,0.8316,0.8340000000000001,0.8405,0.8427,0.8486,0.8514,0.8518,0.86,0.8704000000000001,0.8707,0.8716,0.903,0.9047000000000001,0.9203,0.9276000000000001,0.9377000000000001,0.9410000000000001,0.9455,0.9545,0.9558000000000001,0.9569000000000001,0.9727,0.9758,0.9901000000000001
138009:0.0025,0.0108,0.0167,0.019,0.0339,0.0376,0.0413,0.0475,0.048100000000000004,0.052000000000000005,0.0565,0.063,0.064,0.0673,0.0713,0.0829,0.0852,0.09390000000000001,0.10400000000000001,0.11120000000000001,0.1211,0.12380000000000001,0.12610000000000002,0.1275,0.129,0.1374,0.1574,0.1703,0.18080000000000002,0.18100000000000002,0.1915,0.2011,0.2041,0.21380000000000002,0.2217,0.2225,0.22820000000000001,0.23420000000000002,0.2411,0.24960000000000002,0.256,0.2773,0.2836,0.2864,0.2924,0.3079,0.3145,0.3257,0.3418,0.343,0.34490000000000004,0.3589,0.3677,0.37460000000000004,0.376,0.37720000000000004,0.3775,0.3795,0.3911,0.3925,0.39930000000000004,0.40130000000000005,0.4157,0.4194,0.4293,0.43110000000000004,0.43610000000000004,0.43970000000000004,0.45430000000000004,0.4661,0.4742,0.4751,0.48100000000000004,0.48610000000000003,0.49360000000000004,0.4939,0.5186000000000001,0.5195000000000001,0.5342,0.543,0.5561,0.5616,0.5691,0.605,0.6072000000000001,0.6352,0.6474000000000001,0.6564,0.6685,0.6698000000000001,0.6771,0.6888000000000001,0.6915,0.7046,0.7071000000000001,0.7186,0.7238,0.7342000000000001,0.7504000000000001,0.77,0.7749,0.7762,0.7788,0.7805000000000001,0.7826000000000001,0.7847000000000001,0.7856000000000001,0.7927000000000001,0.8229000000000001,0.8480000000000001,0.8563000000000001,0.8673000000000001,0.8751,0.9239,0.9361,0.9543,0.9568000000000001,0.9607,0.9615,0.9733,0.9777,0.9975
138579:0.006500000000000001,0.0171,0.030600000000000002,0.0328,0.0385,0.0809,0.082,0.10250000000000001,0.111,0.11280000000000001,0.1165,0.1208,0.127,0.1292,0.1394,0.1517,0.1544,0.155,0.15990000000000001,0.1729,0.1758,0.17850000000000002,0.1965,0.1988,0.2179,0.23090000000000002,0.2521,0.2523,0.2847,0.2912,0.3008,0.305,0.3119,0.3262,0.3533,0.36310000000000003,0.3779,0.3917,0.3966,0.39990000000000003,0.4022,0.4163,0.4171,0.4425,0.45020000000000004,0.45640000000000003,0.457,0.4607,0.4746,0.47550000000000003,0.4827,0.5326000000000001,0.5343,0.5401,0.5479,0.5497000000000001,0.5586,0.5588000000000001,0.5646,0.5837,0.5850000000000001,0.5958,0.5981000000000001,0.5986,0.5989,0.6008,0.6046,0.6202000000000001,0.6207,0.6469,0.6486000000000001,0.6516000000000001,0.6733,0.6794,0.6805,0.6899000000000001,0.6994,0.7057,0.7167,0.728,0.7361000000000001,0.7507,0.7521,0.7538,0.7639,0.7709,0.7813,0.8056000000000001,0.8241,0.8252,0.8279000000000001,0.8303,0.8308000000000001,0.8350000000000001,0.8387,0.8405,0.8408,0.8615,0.8634000000000001,0.8855000000000001,0.9087000000000001,0.9122,0.9247000000000001,0.9261,0.9321,0.9368000000000001,0.9416,0.9634,0.9702000000000001,0.9734,0.9825,0.9865,0.9888